班級,學期,平均正確率,平均作答時間_秒,完成率,完成任務數,總作答時間_秒,每任務平均投入效率,actual_is_risk,rf_pred,cluster_kmeans,PC1,PC2,anomaly_iforest,anomaly_lof,anomaly_consensus
505,114,0.85,394,1.0,40,15760,0.0021518987341772,0,0,0,4.651667908892137,-0.6457532163048224,1,1,Both
510,114,0.4051282051282051,51,0.975,39,1989,0.0077909270216962,0,0,1,-0.535244398763581,1.1929800846351999,0,0,Neither
507,114,0.4588235294117647,92,0.425,17,1564,0.0049335863377609,1,1,2,-1.7094223767829055,-3.0949311842948943,1,1,Both
505,114,0.46,121,1.0,40,4840,0.0037704918032786,0,0,1,0.8054157329712288,0.737220398057467,0,0,Neither
505,114,0.3151515151515152,55,0.825,33,1815,0.0056277056277056,0,0,1,-1.0228875232735828,0.05444397941248608,0,0,Neither
507,114,0.4416666666666667,64,0.6,24,1536,0.0067948717948717,1,1,2,-1.530660760122711,-1.6120573250775634,0,0,Neither
507,114,0.225,20,1.0,40,800,0.0107142857142857,0,0,1,-1.5335569518273782,1.9767514085520008,0,0,Neither
507,114,0.392,40,0.625,25,1000,0.009560975609756,1,1,2,-2.0580537338437694,-1.0528186425395347,0,0,Neither
510,114,0.4307692307692308,107,0.975,39,4173,0.0039886039886039,0,0,1,0.4762393753223706,0.6596934612675601,0,0,Neither
505,114,0.6,155,1.0,40,6200,0.0038461538461538,0,0,1,1.4936980619133469,0.4615526297199275,0,0,Neither
510,114,0.2882352941176471,33,0.85,34,1122,0.008477508650519,0,0,1,-1.509004891975284,0.5890540011813832,0,0,Neither
505,114,0.6461538461538461,139,0.975,39,5421,0.0046153846153846,0,0,1,1.279238145364396,0.33480162454450274,0,0,Neither
510,114,0.7842105263157895,212,0.95,38,8056,0.003681739560168,0,0,0,2.3346863390671557,-0.30096477172846897,0,0,Neither
506,114,0.3333333333333334,47,0.45,18,846,0.0069444444444444,1,1,2,-2.4787119601241345,-2.4604323516510913,0,0,Neither
507,114,0.4444444444444444,109,0.9,36,3924,0.004040404040404,0,0,1,0.2448493630418945,0.11750901635009224,0,0,Neither
507,114,0.2051282051282051,12,0.975,39,468,0.0157790927021696,0,0,1,-2.287075541005215,2.326964563298326,0,0,Neither
507,114,0.468421052631579,83,0.95,38,3154,0.0055764411027568,0,0,1,0.08387325766980865,0.6405776855597051,0,0,Neither
506,114,0.64,201,1.0,40,8040,0.0031683168316831,0,0,0,2.1179340688600248,0.2267161812966299,0,0,Neither
505,114,0.3037037037037037,34,0.675,27,918,0.0086772486772486,1,1,2,-2.0726278467107297,-0.6465310338540874,0,0,Neither
510,114,0.503030303030303,157,0.825,33,5181,0.0031837360951285,0,0,1,0.634811317081533,-0.6816614427811716,0,0,Neither
505,114,0.7,392,1.0,40,15680,0.0017811704834605,0,0,0,4.279903327689512,-0.46315754366768375,1,1,Both
510,114,0.3794871794871795,24,0.975,39,936,0.0151794871794871,0,0,1,-1.6520641325836332,1.9936193304589096,0,0,Neither
506,114,0.375,62,1.0,40,2480,0.0059523809523809,0,0,1,-0.22373274962862294,1.2101566361014657,0,0,Neither
510,114,0.7285714285714286,127,0.7,28,3556,0.0056919642857142,0,1,2,0.2107259687681417,-1.5637334885363383,0,0,Neither
